name,system,score,NonEffector.prob,T1SE.prob,T2SE.prob,T3SE.prob,T4SE.prob,T6SE.prob,length
T3SE-WP_011102938.1,III,0.7593,0.2039,0.0017,0.001,0.7593,0.0313,0.0027,236
T6SE-WP_046463577.1,VI,0.8056,0.0718,0.034,0.0021,0.0703,0.0161,0.8056,150
T3SE-WP_011102945.1,III,0.9096,0.0012,0.0013,0.0002,0.9096,0.0805,0.0073,116
T3SE-WP_200836483.1,III,0.5739,0.2833,0.0015,0.0015,0.5739,0.135,0.0049,385
T6SE-WP_046463838.1,VI,0.4823,0.3719,0.0028,0.0029,0.1293,0.0108,0.4823,182
T3SE-WP_054070124.1,III,0.7958,0.1315,0.0037,0.0004,0.7958,0.0307,0.0379,77
T3SE-WP_226992674.1,III,0.8872,0.0003,1e-04,1e-04,0.8872,0.1121,1e-04,260
T3SE-WP_005769591.1,III,0.9982,0.0,1e-04,0.0,0.9982,0.0016,0.0,287
T3SE-WP_005769549.1,III,0.5794,0.141,0.0003,0.0005,0.5794,0.2778,0.0011,83
T3SE-WP_005769538.1,III,0.6486,0.1421,0.0021,0.0004,0.6486,0.2026,0.0042,83
T3SE-WP_007247222.1,III,0.8788,0.1084,0.0013,0.0009,0.8788,0.0071,0.0036,554
T3SE-WP_011103006.1,III,0.7067,0.0866,0.0217,0.0056,0.7067,0.1436,0.0358,318
T6SE-WP_005768137.1,VI,0.9468,0.0156,0.0109,0.0032,0.0227,0.0009,0.9468,114
T6SE-WP_011103019.1,VI,0.8878,0.0025,0.0064,0.0002,0.0739,0.0291,0.8878,282
T3SE-WP_005768208.1,III,0.6024,0.3326,0.0097,0.008,0.6024,0.0057,0.0415,306
T3SE-WP_147463982.1,III,0.6155,0.3474,0.0012,0.0013,0.6155,0.0327,0.0019,244
T3SE-WP_005768484.1,III,0.512,0.3975,0.001,0.0012,0.512,0.085,0.0032,116
T3SE-WP_046463848.1,III,0.9991,0.0,0.0004,0.0005,0.9991,0.0,0.0,235
T3SE-WP_011103045.1,III,0.8745,0.0876,0.0069,0.0145,0.8745,0.0132,0.0034,237
T3SE-WP_011103056.1,III,0.7271,0.1893,0.0004,0.0003,0.7271,0.0821,0.0008,218
T6SE-WP_005771123.1,VI,0.3547,0.0918,0.2413,0.0067,0.1899,0.1156,0.3547,84
T3SE-WP_057443286.1,III,0.7883,0.0645,0.0011,0.0002,0.7883,0.1305,0.0153,131
T6SE-WP_011103081.1,VI,0.8308,0.1515,0.0123,0.0008,0.0036,0.001,0.8308,107
T3SE-WP_046463817.1,III,0.546,0.4182,0.0009,0.0016,0.546,0.0309,0.0024,463
T3SE-WP_005763415.1,III,0.8179,0.1442,0.0151,0.0102,0.8179,0.0072,0.0054,332
T3SE-WP_007247550.1,III,0.4598,0.4247,0.0009,0.0011,0.4598,0.1122,0.0013,395
T6SE-WP_011103121.1,VI,0.9867,0.01,0.0023,0.0005,0.0002,0.0004,0.9867,855
T3SE-WP_011103122.1,III,0.8203,0.0587,0.0014,0.0003,0.8203,0.1143,0.0049,195
T1SE-WP_011103132.1,I,0.4416,0.06,0.4416,0.3679,0.046,0.0209,0.0636,598
T3SE-WP_005737430.1,III,0.9814,0.0164,1e-04,1e-04,0.9814,0.0013,0.0007,88
T6SE-WP_005763678.1,VI,0.8219,0.0449,0.0143,0.0052,0.0885,0.0251,0.8219,332
T3SE-WP_005763699.1,III,0.6132,0.3257,0.0004,0.0004,0.6132,0.0593,0.0011,77
T3SE-WP_003379947.1,III,0.5468,0.4392,0.0006,0.0007,0.5468,0.0108,0.0019,100
T6SE-WP_011103156.1,VI,0.8948,0.0723,0.0137,0.0005,0.0139,0.0048,0.8948,188
T3SE-WP_005763731.1,III,0.6327,0.1985,0.0148,0.0097,0.6327,0.0145,0.1298,725
T3SE-WP_003382340.1,III,0.9858,0.0031,0.0059,0.0007,0.9858,0.0042,0.0003,98
T3SE-WP_011103163.1,III,0.9998,0.0,0.0,0.0,0.9998,0.0,1e-04,264
T3SE-WP_011103164.1,III,0.9977,0.0,1e-04,1e-04,0.9977,0.002,1e-04,204
T6SE-WP_226992678.1,VI,0.4519,0.1327,0.0119,0.0031,0.2576,0.1428,0.4519,304
T3SE-WP_005768037.1,III,0.8087,0.0566,0.0028,0.0003,0.8087,0.0372,0.0945,82
T3SE-WP_011103200.1,III,0.5846,0.0005,0.1162,0.0034,0.5846,0.0008,0.2946,276
T6SE-WP_005768024.1,VI,0.9616,0.0085,0.0042,0.0011,0.0243,0.0003,0.9616,196
T3SE-WP_005768022.1,III,0.6473,0.1018,0.0108,0.0074,0.6473,0.0174,0.2154,62
T6SE-WP_011103203.1,VI,0.5905,0.2133,0.1181,0.0266,0.051,0.0004,0.5905,498
T6SE-WP_005768018.1,VI,0.9992,0.0002,0.0003,1e-04,0.0002,0.0,0.9992,115
T3SE-WP_011103204.1,III,0.3232,0.3002,0.2135,0.0178,0.3232,0.0075,0.1377,714
T3SE-WP_011103212.1,III,0.9936,0.0,0.0042,0.0003,0.9936,0.0007,0.0013,218
T3SE-WP_226992679.1,III,0.9236,1e-04,0.0019,0.0004,0.9236,0.0014,0.0725,241
T3SE-WP_005768974.1,III,0.3945,0.2768,0.0035,0.0004,0.3945,0.2419,0.0829,239
T3SE-WP_005769010.1,III,0.8133,0.0374,0.0011,0.0009,0.8133,0.028,0.1194,118
T3SE-WP_011103247.1,III,0.8863,0.0821,0.0005,0.0002,0.8863,0.0261,0.0047,591
T3SE-WP_011103248.1,III,0.7046,0.1422,0.0002,1e-04,0.7046,0.1527,1e-04,201
T3SE-WP_011103252.1,III,0.4861,0.2471,0.0005,1e-04,0.4861,0.253,0.0131,132
T3SE-WP_011103253.1,III,0.5853,0.3647,0.0029,0.0062,0.5853,0.0128,0.0282,269
T6SE-WP_005770114.1,VI,0.5405,0.1731,0.0356,0.2282,0.0143,0.0083,0.5405,575
T3SE-WP_005770090.1,III,0.9189,0.001,0.0004,0.0003,0.9189,0.01,0.0693,465
T3SE-WP_011103324.1,III,0.9999,0.0,0.0,0.0,0.9999,1e-04,0.0,705
T3SE-WP_005769931.1,III,0.9803,0.0017,0.0012,0.0034,0.9803,0.0124,0.001,407
T3SE-WP_046463803.1,III,0.9888,1e-04,0.0005,1e-04,0.9888,0.0013,0.0092,1910
T3SE-WP_226992680.1,III,0.8862,0.068,0.0021,0.0029,0.8862,0.0318,0.0091,575
T6SE-WP_161797785.1,VI,0.5468,0.0133,0.1964,0.0985,0.0408,0.1043,0.5468,277
T3SE-WP_005769991.1,III,0.9989,1e-04,1e-04,1e-04,0.9989,0.0008,0.0,267
T3SE-WP_011103344.1,III,0.9996,0.0,0.0002,0.0002,0.9996,0.0,0.0,403
T6SE-WP_005770558.1,VI,0.5715,0.3246,0.0403,0.008,0.0462,0.0095,0.5715,197
T6SE-WP_011103358.1,VI,0.4842,0.1499,0.0274,0.0033,0.3287,0.0066,0.4842,401
T6SE-WP_003383244.1,VI,0.5924,0.316,0.0439,0.0062,0.0265,0.0151,0.5924,192
T3SE-WP_007246096.1,III,0.9799,0.0012,0.0028,0.0002,0.9799,0.0141,0.0018,114
T3SE-WP_003380289.1,III,0.9622,0.0263,0.0003,0.0003,0.9622,0.0084,0.0026,235
T3SE-WP_011103378.1,III,0.8532,0.0695,0.0004,0.0006,0.8532,0.0605,0.0158,425
T3SE-WP_005771507.1,III,0.4717,0.0076,0.3056,0.0044,0.4717,0.0588,0.152,135
T6SE-WP_011103382.1,VI,0.4763,0.3779,0.025,0.0265,0.0917,0.0025,0.4763,671
T3SE-WP_159229438.1,III,0.5334,0.4076,0.0003,1e-04,0.5334,0.0577,0.0009,61
T3SE-WP_005770909.1,III,0.9984,0.0,0.0002,0.0002,0.9984,0.0012,0.0,276
T3SE-WP_003380356.1,III,0.798,0.1811,0.0013,0.0015,0.798,0.0171,0.0009,149
T3SE-WP_005770950.1,III,0.4621,0.4164,0.0123,0.005,0.4621,0.0416,0.0626,134
T3SE-WP_011103422.1,III,0.8719,0.0022,0.0036,0.0023,0.8719,0.0028,0.1171,325
T3SE-WP_005736543.1,III,0.9269,0.0571,0.0015,0.0007,0.9269,0.0116,0.0023,77
T6SE-WP_011103452.1,VI,0.9885,0.0011,0.0038,0.0,0.0038,0.0027,0.9885,366
T3SE-WP_011103457.1,III,0.9402,0.0053,0.0046,0.0013,0.9402,0.0479,0.0008,114
T3SE-WP_005768752.1,III,0.7561,0.0256,0.0058,0.0012,0.7561,0.2034,0.0079,113
T3SE-WP_011103458.1,III,0.9239,0.0427,1e-04,1e-04,0.9239,0.0326,0.0005,201
T3SE-WP_005768735.1,III,0.7788,0.1314,0.0002,0.0002,0.7788,0.0881,0.0013,267
T3SE-WP_005764206.1,III,0.5158,0.3848,0.001,0.0002,0.5158,0.09,0.0082,110
T3SE-WP_046463401.1,III,0.9333,0.0296,0.0007,0.0007,0.9333,0.0352,0.0005,163
T6SE-WP_011103479.1,VI,0.9806,0.016,0.0018,0.0005,0.0007,0.0003,0.9806,922
T3SE-WP_005764101.1,III,0.6532,0.3059,0.0019,0.0043,0.6532,0.0031,0.0316,333
T3SE-WP_005764094.1,III,0.6217,0.3632,0.0026,0.0023,0.6217,0.0086,0.0016,141
T6SE-WP_005615514.1,VI,0.3719,0.3152,0.0478,0.0067,0.1691,0.0892,0.3719,156
T6SE-WP_011103509.1,VI,0.5889,0.3467,0.0038,0.0011,0.0147,0.0448,0.5889,331
T3SE-WP_011103515.1,III,0.6962,0.0057,0.0,1e-04,0.6962,0.2977,0.0003,322
T3SE-WP_005763971.1,III,0.9862,0.012,1e-04,0.0003,0.9862,0.0011,0.0004,400
T3SE-WP_005736349.1,III,0.8466,0.0126,0.0,1e-04,0.8466,0.1404,0.0002,159
T3SE-WP_005763932.1,III,0.9997,0.0,0.0002,1e-04,0.9997,0.0,0.0,350
T3SE-WP_005763926.1,III,0.9778,0.0,0.0178,0.0034,0.9778,0.0007,0.0003,424
T3SE-WP_011103530.1,III,0.9493,0.0101,0.0002,0.0002,0.9493,0.0396,0.0006,164
T3SE-WP_005763919.1,III,0.9999,0.0,0.0,0.0,0.9999,1e-04,0.0,712
T3SE-WP_005763915.1,III,0.9836,0.0096,1e-04,0.0004,0.9836,0.0049,0.0014,129
T3SE-WP_011103532.1,III,0.9982,0.0,1e-04,1e-04,0.9982,0.0015,0.0,1795
T6SE-WP_005763904.1,VI,0.7955,0.0121,0.0133,0.0002,0.1779,0.0011,0.7955,113
T3SE-WP_005763902.1,III,0.9957,0.0,0.0039,0.0004,0.9957,0.0,0.0,370
T3SE-WP_005763898.1,III,0.9992,0.0003,0.0002,1e-04,0.9992,1e-04,0.0,124
T3SE-WP_005763896.1,III,0.8911,0.0434,0.0008,0.0008,0.8911,0.0023,0.0616,175
T3SE-WP_007244829.1,III,0.9714,0.0267,0.0005,0.0003,0.9714,0.0005,0.0005,193
T3SE-WP_003375722.1,III,0.9918,0.001,0.0009,1e-04,0.9918,0.0043,0.0021,74
T3SE-WP_005763889.1,III,0.9918,0.0017,1e-04,0.0,0.9918,0.0062,0.0002,143
T3SE-WP_007244826.1,III,0.8082,0.1283,0.0017,0.0007,0.8082,0.0578,0.0033,119
T3SE-WP_003375716.1,III,0.5959,0.3785,0.0008,0.0006,0.5959,0.02,0.0042,359
T3SE-WP_005763877.1,III,0.9718,0.0195,0.0036,0.0011,0.9718,0.0006,0.0035,137
T3SE-WP_011103535.1,III,0.8786,0.1099,0.0005,0.0064,0.8786,1e-04,0.0045,238
T3SE-WP_011103536.1,III,0.9931,0.0045,0.0002,0.0002,0.9931,0.001,0.0008,189
T3SE-WP_005615731.1,III,0.9999,0.0,0.0,0.0,0.9999,0.0,0.0,368
T3SE-WP_011103539.1,III,0.9954,0.0,0.0039,0.0002,0.9954,0.0002,0.0002,780
T3SE-WP_011103540.1,III,0.9992,0.0,0.0003,0.0003,0.9992,1e-04,1e-04,466
T6SE-WP_046463820.1,VI,0.6806,0.088,0.0035,0.0005,0.01,0.2174,0.6806,136
T3SE-WP_005771009.1,III,0.9966,1e-04,0.0025,0.0003,0.9966,1e-04,0.0004,147
T3SE-WP_011103557.1,III,0.4057,0.2381,0.089,0.1046,0.4057,0.0282,0.1343,431
T3SE-WP_007245377.1,III,0.9315,0.0135,0.0019,0.0002,0.9315,0.047,0.0059,98
T6SE-WP_011103577.1,VI,0.9971,0.0002,0.0009,1e-04,0.0016,1e-04,0.9971,1984
T3SE-WP_003377747.1,III,0.8812,0.0977,0.0045,0.0004,0.8812,0.0145,0.0017,72
T3SE-WP_005765940.1,III,0.994,0.0003,0.0052,1e-04,0.994,0.0002,1e-04,207
T6SE-WP_005765957.1,VI,0.9318,0.0033,0.0009,1e-04,0.0542,0.0097,0.9318,125
T3SE-WP_011103590.1,III,0.9771,0.0005,0.0045,0.0035,0.9771,0.0119,0.0025,282
T3SE-WP_011103600.1,III,0.9939,0.0,1e-04,1e-04,0.9939,0.0054,0.0005,284
T3SE-WP_010202284.1,III,0.9435,0.004,0.0179,0.0044,0.9435,0.0055,0.0247,51
T3SE-WP_011103606.1,III,0.9644,0.024,0.0005,0.0002,0.9644,0.0086,0.0023,103
T3SE-WP_002554403.1,III,0.5913,0.3336,0.0151,0.0048,0.5913,0.0132,0.042,62
T6SE-WP_005767547.1,VI,0.6136,0.0037,0.209,0.0044,0.0378,0.1315,0.6136,63
T3SE-WP_046463930.1,III,0.6478,0.2535,0.0002,0.0002,0.6478,0.0974,0.0009,239
T3SE-WP_011103631.1,III,0.9984,0.0,0.0004,0.0002,0.9984,0.0009,0.0,290
T3SE-WP_004879420.1,III,0.7787,0.2033,0.0005,0.0006,0.7787,0.0163,0.0006,75
T3SE-WP_225982977.1,III,0.5672,0.1702,0.0014,0.0007,0.5672,0.2565,0.004,77
T3SE-WP_011103651.1,III,0.8832,0.1017,0.0018,0.0029,0.8832,0.0015,0.0089,191
T3SE-WP_003381567.1,III,0.5132,0.4705,0.0036,0.0027,0.5132,0.0064,0.0036,201
T3SE-WP_003381582.1,III,0.9371,0.0034,0.0062,0.0007,0.9371,0.0464,0.0062,59
T3SE-WP_003378914.1,III,0.9794,0.0109,0.0002,0.0002,0.9794,0.009,0.0003,72
T3SE-WP_005766730.1,III,0.5245,0.4571,0.003,0.006,0.5245,0.0052,0.0042,308
T3SE-WP_046463922.1,III,0.3451,0.3319,0.0011,0.0005,0.3451,0.317,0.0043,77
T3SE-WP_005767727.1,III,0.724,0.0381,0.0006,0.0002,0.724,0.2356,0.0015,59
T3SE-WP_005767754.1,III,0.8948,0.0392,0.0231,0.0015,0.8948,0.0241,0.0172,95
T3SE-WP_046463918.1,III,0.4547,0.3032,0.0009,0.0004,0.4547,0.2339,0.0069,93
T3SE-WP_024666576.1,III,0.6985,0.1622,0.0008,0.0023,0.6985,0.0209,0.1153,260
T3SE-WP_011103752.1,III,0.8631,0.1202,0.0011,0.0004,0.8631,0.0071,0.0081,461
T6SE-WP_159229446.1,VI,0.9992,1e-04,1e-04,0.0,0.0005,0.0,0.9992,1132
T3SE-WP_003382703.1,III,0.7303,0.102,0.0013,0.0006,0.7303,0.163,0.0028,68
T3SE-WP_005616754.1,III,0.9941,0.0009,0.0027,0.002,0.9941,1e-04,0.0002,104
T3SE-WP_005767009.1,III,0.9877,0.0018,0.0052,0.0046,0.9877,0.0002,0.0005,130
T1SE-WP_011103781.1,I,0.5872,0.0799,0.5872,0.0212,0.2859,0.0122,0.0136,492
T3SE-WP_011103786.1,III,0.7251,0.1866,0.0268,0.0246,0.7251,0.0026,0.0343,474
T3SE-WP_005766956.1,III,0.9989,0.0,0.0008,1e-04,0.9989,0.0,0.0002,155
T3SE-WP_046464008.1,III,0.7577,0.0189,0.0512,0.0069,0.7577,0.0103,0.1549,152
T6SE-WP_011103800.1,VI,0.5531,0.0063,0.3983,0.0301,0.0072,0.0051,0.5531,618
T6SE-WP_011103801.1,VI,0.6969,0.0064,0.2684,0.019,0.0017,0.0076,0.6969,539
T3SE-WP_005766927.1,III,0.9094,0.0195,0.0027,0.0006,0.9094,0.0579,0.0099,178
T6SE-WP_011103803.1,VI,0.6647,0.0107,0.1552,0.0144,0.1463,0.0087,0.6647,220
T3SE-WP_003378668.1,III,0.7077,0.111,0.0071,0.0012,0.7077,0.1456,0.0274,56
T3SE-WP_003315128.1,III,0.9911,0.0066,0.0002,1e-04,0.9911,0.0019,1e-04,92
T3SE-WP_011103820.1,III,0.5192,0.3938,0.0048,0.0015,0.5192,0.0595,0.0211,172
T6SE-WP_005617305.1,VI,0.3975,0.1293,0.0012,0.0006,0.3345,0.1369,0.3975,113
T6SE-WP_005617022.1,VI,0.8672,0.0076,0.0641,0.0036,0.0123,0.0452,0.8672,61
T6SE-WP_005760698.1,VI,0.9969,0.0006,0.0011,1e-04,1e-04,0.0012,0.9969,153
T6SE-WP_011103829.1,VI,0.6274,0.3556,0.0052,0.0011,0.0093,0.0014,0.6274,125
T6SE-WP_011103830.1,VI,0.902,0.0005,0.0361,0.0011,0.0591,0.0012,0.902,120
T6SE-WP_011103831.1,VI,0.9893,0.0057,0.0044,0.0004,0.0003,0.0,0.9893,126
T6SE-WP_011103832.1,VI,0.9556,0.0295,0.001,0.0004,0.0119,0.0015,0.9556,150
T6SE-WP_011103833.1,VI,0.2999,0.1845,0.2029,0.0142,0.2956,0.0028,0.2999,277
T3SE-WP_011103835.1,III,0.8225,0.0171,0.0006,1e-04,0.8225,0.1548,0.005,83
T6SE-WP_046463351.1,VI,0.6308,0.1212,0.0043,0.0005,0.0373,0.2058,0.6308,157
T6SE-WP_011103837.1,VI,0.9487,1e-04,0.0282,0.0004,0.0224,0.0002,0.9487,60
T6SE-WP_011103839.1,VI,0.9789,0.0171,0.0003,1e-04,0.003,0.0007,0.9789,132
T6SE-WP_011103840.1,VI,0.9458,0.0042,0.043,0.0026,0.004,0.0005,0.9458,1093
T6SE-WP_226992648.1,VI,0.6506,0.0011,0.2061,0.0176,0.1241,0.0005,0.6506,107
T6SE-WP_007244228.1,VI,0.8145,0.0014,0.1263,0.0139,0.0439,0.0,0.8145,220
T6SE-WP_011103842.1,VI,0.7728,0.0348,0.1827,0.0069,0.0027,1e-04,0.7728,475
T6SE-WP_011103845.1,VI,0.8692,0.0013,0.0766,0.0081,0.0411,0.0037,0.8692,70
T6SE-WP_011103846.1,VI,0.4799,0.0085,0.2134,0.0705,0.2254,0.0023,0.4799,414
T3SE-WP_007244210.1,III,0.5909,0.0927,0.0003,0.0004,0.5909,0.3137,0.0021,89
T3SE-WP_011103857.1,III,0.818,0.1671,0.0009,0.0003,0.818,0.0084,0.0054,147
T3SE-WP_005617091.1,III,0.8555,0.1296,0.0004,0.0003,0.8555,0.012,0.0023,85
T3SE-WP_011103863.1,III,0.9055,0.0861,0.0012,0.0008,0.9055,0.0043,0.0021,394
T3SE-WP_005770688.1,III,0.8847,0.1118,0.0004,0.0005,0.8847,0.0024,0.0002,190
T6SE-WP_005769679.1,VI,0.4562,0.0171,0.0579,0.0031,0.2641,0.2015,0.4562,105
T6SE-WP_226992691.1,VI,0.8547,0.0016,0.1022,0.0096,0.0147,0.0171,0.8547,708
T6SE-WP_032639333.1,VI,0.6892,0.0038,0.218,0.0448,0.0414,0.0029,0.6892,501
T6SE-WP_046463561.1,VI,0.9749,0.0006,0.0043,0.001,0.0189,0.0003,0.9749,1682
T6SE-WP_011103902.1,VI,0.9254,0.0023,0.0591,0.0045,0.0064,0.0023,0.9254,607
T6SE-WP_011103903.1,VI,0.596,0.0051,0.0239,0.0055,0.3686,0.0009,0.596,443
T3SE-WP_011103905.1,III,0.7542,0.0058,0.0417,0.0255,0.7542,0.0011,0.1717,757
T3SE-WP_011103906.1,III,0.7691,0.0032,0.0499,0.0224,0.7691,0.0004,0.155,996
T6SE-WP_011103907.1,VI,0.9907,0.0014,0.0032,0.0013,0.0033,1e-04,0.9907,1562
T1SE-WP_046463436.1,I,0.3991,0.0022,0.3991,0.0492,0.2875,0.0002,0.2617,313
T3SE-WP_011103929.1,III,0.3971,0.3877,0.0021,0.0021,0.3971,0.0123,0.1988,167
T3SE-WP_003382465.1,III,0.8817,0.071,0.0041,1e-04,0.8817,0.0346,0.0084,82
T6SE-WP_057443149.1,VI,0.3988,0.0007,0.2637,0.0098,0.3269,1e-04,0.3988,135
T3SE-WP_162491835.1,III,0.3836,0.2495,0.0128,0.0014,0.3836,0.0498,0.3029,545
T3SE-WP_003373331.1,III,0.7904,0.1921,0.0002,0.0006,0.7904,0.016,0.0007,130
T3SE-WP_011103957.1,III,0.5103,0.3546,0.0328,0.0288,0.5103,0.003,0.0704,239
T3SE-WP_005765651.1,III,0.8632,0.1172,0.0024,0.0004,0.8632,0.0132,0.0036,65
T3SE-WP_007246362.1,III,0.9409,0.0201,0.0008,1e-04,0.9409,0.0362,0.0019,79
T3SE-WP_005765646.1,III,0.677,0.1496,0.0017,0.0002,0.677,0.143,0.0284,83
T3SE-WP_080898792.1,III,0.8125,0.0905,0.0011,0.0005,0.8125,0.0918,0.0037,64
T6SE-WP_002553156.1,VI,0.6184,0.2834,0.0468,0.0019,0.0234,0.0261,0.6184,70
T3SE-WP_046464006.1,III,0.7483,0.2431,0.0007,0.001,0.7483,0.0053,0.0016,285
T3SE-WP_005771214.1,III,0.4904,0.3548,0.0047,0.0036,0.4904,0.003,0.1436,496
T6SE-WP_046463451.1,VI,0.9925,0.0014,0.003,1e-04,0.0007,0.0023,0.9925,496
T6SE-WP_011104019.1,VI,0.554,0.4308,0.0018,0.0006,0.0075,0.0054,0.554,204
T6SE-WP_005771275.1,VI,0.9954,0.0037,0.0004,0.0002,0.0003,0.0,0.9954,316
T3SE-WP_011104027.1,III,0.7582,0.0327,0.0016,0.0002,0.7582,0.186,0.0213,103
T3SE-WP_010205561.1,III,0.8282,0.0313,0.0002,0.0002,0.8282,0.1374,0.0028,66
T3SE-WP_005617589.1,III,0.7207,0.0021,0.002,0.0002,0.7207,0.2732,0.0019,67
T3SE-WP_005617613.1,III,0.5243,0.1382,0.0019,0.0004,0.5243,0.3335,0.0018,106
T6SE-WP_164923175.1,VI,0.9993,1e-04,1e-04,0.0,0.0005,0.0,0.9993,1132
T6SE-WP_011104070.1,VI,0.996,0.0029,0.0008,0.0,0.0002,1e-04,0.996,680
T6SE-WP_007246961.1,VI,0.9989,1e-04,0.0002,0.0,0.0008,0.0,0.9989,171
T3SE-WP_226992694.1,III,0.588,0.3903,1e-04,1e-04,0.588,0.0206,0.001,202
T3SE-WP_011104077.1,III,0.7555,0.2309,0.0007,0.001,0.7555,0.0114,0.0006,509
T6SE-WP_005762667.1,VI,0.5744,0.1022,0.0206,0.0011,0.1541,0.1475,0.5744,196
T3SE-WP_032640670.1,III,0.9846,0.0002,0.0116,0.0007,0.9846,0.0,0.0028,281
T3SE-WP_005737770.1,III,0.8394,0.1388,0.003,0.0004,0.8394,0.002,0.0165,60
T3SE-WP_005762621.1,III,0.9856,0.0,0.013,0.001,0.9856,1e-04,0.0002,184
T1SE-WP_122448205.1,I,0.7099,0.0034,0.7099,0.0201,0.0943,0.006,0.1663,47
T6SE-WP_024666073.1,VI,0.7998,0.0612,0.1181,0.0035,0.0171,0.0004,0.7998,62
T3SE-WP_005762465.1,III,0.9451,0.0302,0.0022,0.0003,0.9451,0.0184,0.0038,88
T3SE-WP_046463533.1,III,0.9995,1e-04,0.0,0.0,0.9995,0.0004,0.0,312
T3SE-WP_149032124.1,III,0.3847,0.3677,0.0014,0.0003,0.3847,0.2442,0.0017,241
T3SE-WP_005762396.1,III,0.7784,0.2148,0.0018,0.0011,0.7784,0.0031,0.0008,173
T3SE-WP_005762383.1,III,0.8031,0.0363,0.0015,0.0015,0.8031,0.0249,0.1327,302
T6SE-WP_046463534.1,VI,0.819,0.0207,0.0185,0.0182,0.1223,0.0013,0.819,176
T3SE-WP_046463524.1,III,0.9466,0.0138,0.0019,0.0005,0.9466,0.0342,0.0031,126
T3SE-WP_046463778.1,III,0.9436,0.0049,0.0003,1e-04,0.9436,0.0443,0.0068,208
T3SE-WP_011104237.1,III,0.6531,0.3342,0.0038,0.0005,0.6531,0.007,0.0013,118
T3SE-WP_046463359.1,III,0.6723,0.0457,0.0089,0.0006,0.6723,0.0144,0.2581,118
T6SE-WP_011104245.1,VI,0.4879,0.0074,0.0195,0.0031,0.4655,0.0167,0.4879,392
T6SE-WP_005771451.1,VI,0.611,0.3101,0.0035,0.0044,0.0438,0.0272,0.611,456
T3SE-WP_005771455.1,III,0.903,0.0431,0.0031,0.0132,0.903,0.0263,0.0113,899
T3SE-WP_007243908.1,III,0.6862,0.1863,0.0106,0.0283,0.6862,0.0198,0.0689,423
T3SE-WP_226992701.1,III,0.7018,0.2669,0.0005,0.001,0.7018,0.0228,0.007,234
T3SE-WP_011104303.1,III,0.7752,0.1974,0.001,0.0006,0.7752,0.0236,0.0022,147
T6SE-WP_046463410.1,VI,0.6048,0.0042,0.144,0.0309,0.073,0.143,0.6048,257
T3SE-WP_007246483.1,III,0.9663,0.0264,0.0011,0.0004,0.9663,0.0022,0.0036,146
T6SE-WP_010205279.1,VI,0.5525,0.015,0.0022,0.0009,0.4268,0.0026,0.5525,150
T3SE-WP_011104341.1,III,0.5688,0.3114,0.0221,0.0461,0.5688,0.0064,0.0452,548
T3SE-WP_005764454.1,III,0.5965,0.3171,0.0138,0.0088,0.5965,0.0134,0.0505,500
T3SE-WP_005766113.1,III,0.9531,0.0023,0.0018,0.0004,0.9531,0.0383,0.0041,230
T3SE-WP_005766152.1,III,0.796,0.1931,0.0017,0.0013,0.796,0.007,0.0008,53
T3SE-WP_011104378.1,III,0.9993,0.0,1e-04,0.0,0.9993,0.0006,0.0,553
T3SE-WP_046463770.1,III,0.4015,0.0077,0.0177,1e-04,0.4015,0.2187,0.3542,173
T3SE-WP_046463771.1,III,0.683,0.0618,0.0065,0.0046,0.683,0.005,0.2391,214
T6SE-WP_003380432.1,VI,0.7538,0.1045,0.0738,0.0268,0.0345,0.0066,0.7538,101
T3SE-WP_005766218.1,III,0.7842,0.2087,0.0002,1e-04,0.7842,0.0059,0.0009,57
T3SE-WP_005766263.1,III,0.94,0.0247,0.0011,1e-04,0.94,0.0232,0.0109,88
T3SE-WP_005766308.1,III,0.4568,0.3808,0.0012,0.0004,0.4568,0.1434,0.0175,118
T6SE-WP_005766322.1,VI,0.6335,0.0561,0.1133,0.0303,0.1094,0.0574,0.6335,356
T3SE-WP_007245872.1,III,0.954,0.013,0.0005,0.0002,0.954,0.0168,0.0153,99
T3SE-WP_011104422.1,III,0.8159,0.163,0.0015,0.0028,0.8159,0.005,0.0117,317
T1SE-WP_011104426.1,I,0.9974,0.0002,0.9974,0.001,1e-04,0.0009,0.0003,535
T3SE-WP_011104432.1,III,0.9066,0.0602,0.0011,0.0004,0.9066,0.0277,0.0039,259
T6SE-WP_052746242.1,VI,0.9987,1e-04,0.0009,0.0,0.0,0.0003,0.9987,117
T6SE-WP_044393845.1,VI,0.9814,0.0011,0.0141,0.0002,0.0025,0.0007,0.9814,97
T6SE-WP_166460976.1,VI,0.9921,0.0016,0.0038,0.0002,0.0008,0.0015,0.9921,138
T3SE-WP_226992637.1,III,0.4962,0.0605,0.0004,1e-04,0.4962,0.4412,0.0015,148
T6SE-WP_046463979.1,VI,0.4744,0.1105,0.0093,0.0015,0.2808,0.1236,0.4744,149
T6SE-WP_011104440.1,VI,0.9933,0.0008,0.005,0.0002,0.0,0.0008,0.9933,398
T3SE-WP_011104480.1,III,0.9984,0.0,0.0009,0.0005,0.9984,1e-04,0.0,404
T3SE-WP_011104481.1,III,0.9977,0.0,0.0015,0.0003,0.9977,0.0004,0.0,416
T1SE-WP_011104500.1,I,0.9981,1e-04,0.9981,0.0012,0.0003,1e-04,1e-04,475
T3SE-WP_007246043.1,III,0.7995,0.0052,0.0009,0.0004,0.7995,0.1936,0.0004,195
T6SE-WP_011104523.1,VI,0.9953,0.0016,0.0002,0.0,0.0025,0.0004,0.9953,347
T6SE-WP_057443159.1,VI,0.9889,0.0029,0.0011,0.0002,0.0067,0.0002,0.9889,281
T6SE-WP_011104526.1,VI,0.6543,0.2693,0.0556,0.0044,0.0074,0.009,0.6543,916
T3SE-WP_011104527.1,III,0.878,0.0649,0.0029,0.0006,0.878,0.0091,0.0445,100
T6SE-WP_007247634.1,VI,0.9937,0.0008,0.0009,0.0002,0.0044,1e-04,0.9937,169
T6SE-WP_011104528.1,VI,0.3877,0.2685,0.1354,0.0298,0.1782,0.0004,0.3877,387
T6SE-WP_004407132.1,VI,0.7567,0.1197,0.007,0.001,0.11,0.0055,0.7567,180
T3SE-WP_007244786.1,III,0.9887,0.0004,0.0027,0.0002,0.9887,0.0008,0.0072,92
T6SE-WP_007244787.1,VI,0.9919,1e-04,0.0053,0.0003,0.0024,1e-04,0.9919,187
T6SE-WP_011104532.1,VI,0.9222,0.0431,0.0016,0.0012,0.0302,0.0017,0.9222,175
T6SE-WP_007244789.1,VI,0.5236,0.4651,0.0017,0.0018,0.0015,0.0063,0.5236,218
T6SE-WP_007244790.1,VI,0.7279,0.0012,0.0184,0.0015,0.2508,0.0003,0.7279,104
T6SE-WP_011104533.1,VI,0.8175,0.0875,0.0584,0.017,0.0191,0.0006,0.8175,331
T6SE-WP_011104534.1,VI,0.7563,0.0264,0.1239,0.0156,0.0763,0.0015,0.7563,114
T3SE-WP_162839069.1,III,0.9667,0.0154,0.0103,0.0005,0.9667,0.0067,0.0005,58
T6SE-WP_046463563.1,VI,0.9805,0.003,0.0052,0.0032,0.0052,0.0028,0.9805,494
T3SE-WP_226992641.1,III,0.955,0.0121,0.0044,0.0003,0.955,0.0041,0.024,74
T6SE-WP_011104580.1,VI,0.9976,0.0014,0.0007,1e-04,1e-04,0.0,0.9976,675
T6SE-WP_011104583.1,VI,0.9957,0.0006,0.0016,0.0004,0.0009,0.0009,0.9957,758
T3SE-WP_005765020.1,III,0.6361,0.3064,0.0023,0.0075,0.6361,0.0356,0.0121,269
T3SE-WP_007245353.1,III,0.932,0.0612,0.0003,0.0015,0.932,0.0039,0.001,156
T3SE-WP_003315798.1,III,0.8762,0.1104,0.0006,0.0004,0.8762,0.0037,0.0087,77
T3SE-WP_005765119.1,III,0.9856,0.0023,0.0005,1e-04,0.9856,0.0028,0.0088,103
T3SE-WP_005765147.1,III,0.499,0.2453,0.0029,0.0027,0.499,0.0486,0.2016,725
T3SE-WP_005765153.1,III,0.7853,0.0784,0.0206,0.0034,0.7853,0.0807,0.0316,309
T3SE-WP_011104612.1,III,0.5877,0.3668,0.0021,0.0057,0.5877,0.0357,0.0021,466
T3SE-WP_005765163.1,III,0.979,0.0128,0.0002,1e-04,0.979,0.0077,0.0004,86
T6SE-WP_005765174.1,VI,0.4572,0.3034,0.0028,0.0033,0.227,0.0062,0.4572,173
T3SE-WP_046463492.1,III,0.8652,0.109,0.0021,0.002,0.8652,0.0189,0.0028,241
T6SE-WP_003378216.1,VI,0.6623,0.0061,0.2043,0.0812,0.0402,0.006,0.6623,222
T6SE-WP_046463357.1,VI,0.9554,0.0187,0.0057,0.0024,0.0051,0.0127,0.9554,128
T3SE-WP_046463732.1,III,0.831,0.1482,0.0057,0.0088,0.831,0.0041,0.0021,549
T6SE-WP_149032137.1,VI,0.6917,0.1715,0.0005,0.0007,0.0286,0.1069,0.6917,212
T6SE-WP_005770800.1,VI,0.7549,0.1174,0.0026,0.0015,0.0077,0.116,0.7549,286
T3SE-WP_011104687.1,III,0.9206,0.0027,0.0018,0.0005,0.9206,0.0009,0.0735,1743
T3SE-WP_003376227.1,III,0.6005,0.0743,0.0235,0.0008,0.6005,0.0095,0.2913,71
T6SE-WP_011104705.1,VI,0.8151,0.1437,0.036,0.0018,0.002,0.0014,0.8151,386
T3SE-WP_044392753.1,III,0.985,0.001,0.0049,0.0003,0.985,0.0022,0.0066,119
T3SE-WP_046463335.1,III,0.9444,0.0004,0.0066,0.0006,0.9444,0.0461,0.0019,94
T6SE-WP_011104714.1,VI,0.974,0.0107,0.0071,0.0002,0.0076,0.0004,0.974,194
T3SE-WP_011104723.1,III,0.943,0.0057,0.0009,0.0002,0.943,0.0333,0.0169,218
T3SE-WP_005769102.1,III,0.7771,0.1901,0.0004,0.0006,0.7771,0.0296,0.0022,217
T6SE-WP_005770647.1,VI,0.9959,0.0027,0.0009,1e-04,0.0003,0.0,0.9959,675
T6SE-WP_011104751.1,VI,0.9979,0.0,1e-04,0.0,0.0019,0.0,0.9979,1104
T6SE-WP_044392855.1,VI,0.6752,0.0988,0.0009,0.0006,0.0076,0.2169,0.6752,295
T6SE-WP_011104753.1,VI,0.6482,0.0983,0.0008,0.0007,0.0113,0.2408,0.6482,299
T3SE-WP_007245822.1,III,0.6492,0.0594,0.0005,0.0003,0.6492,0.2846,0.006,177
T3SE-WP_005770456.1,III,0.9168,0.0778,0.0002,0.0002,0.9168,0.0032,0.0019,123
T3SE-WP_005770454.1,III,0.7189,0.1805,0.0146,0.0022,0.7189,0.0242,0.0596,113
T3SE-WP_005770448.1,III,0.4736,0.0598,0.0032,0.0006,0.4736,0.4076,0.0551,471
T6SE-WP_007245786.1,VI,0.3511,0.2098,0.0449,0.0013,0.1287,0.2642,0.3511,72
T3SE-WP_011104791.1,III,0.7232,0.0932,0.0049,0.0009,0.7232,0.1678,0.0101,118
T6SE-WP_011104792.1,VI,0.9068,0.0036,0.0844,0.0033,0.0019,0.0,0.9068,332
T6SE-WP_226992645.1,VI,0.6277,0.001,0.2007,0.0213,0.1488,0.0005,0.6277,107
T6SE-WP_159229463.1,VI,0.9255,0.0474,0.0226,0.0024,0.0012,0.0008,0.9255,921
T6SE-WP_011104794.1,VI,0.4843,0.0022,0.2209,0.0655,0.2241,0.0029,0.4843,200
T3SE-WP_011104795.1,III,0.9728,0.0072,0.0006,0.0002,0.9728,0.0105,0.0086,225
T3SE-WP_011104796.1,III,0.9925,0.0023,0.0006,1e-04,0.9925,0.004,0.0005,66
T3SE-WP_193383849.1,III,0.3745,0.31,0.0045,0.0003,0.3745,0.3038,0.0068,111
T6SE-WP_007245782.1,VI,0.5152,0.4125,0.0007,0.0296,0.0206,0.0214,0.5152,372
T6SE-WP_162491828.1,VI,0.6365,0.0085,0.1066,0.0164,0.223,0.009,0.6365,588
T6SE-WP_004667445.1,VI,0.716,0.2206,0.0236,0.0012,0.0294,0.0091,0.716,73
T3SE-WP_011104821.1,III,0.4752,0.1286,0.0075,0.015,0.4752,0.0202,0.3535,362
T3SE-WP_011104823.1,III,0.9993,0.0,0.0,0.0,0.9993,0.0006,1e-04,164
T6SE-WP_005767199.1,VI,0.998,0.0004,0.0009,0.0,0.0006,0.0,0.998,323
T6SE-WP_032710640.1,VI,0.9768,0.0097,0.0009,0.0005,0.012,1e-04,0.9768,232
T6SE-WP_005767203.1,VI,0.9955,1e-04,0.0003,1e-04,0.004,0.0,0.9955,178
T6SE-WP_005767207.1,VI,0.793,0.0457,0.0905,0.0452,0.0252,0.0004,0.793,808
T3SE-WP_011104825.1,III,0.9353,0.0101,0.0038,0.0002,0.9353,0.0438,0.0068,135
T3SE-WP_011104826.1,III,0.5205,0.3199,0.0047,0.0022,0.5205,0.0735,0.0792,76
T6SE-WP_011104828.1,VI,0.7404,0.0366,0.0376,0.0007,0.1644,0.0203,0.7404,94
T3SE-WP_011104831.1,III,0.6268,0.3372,0.001,0.0002,0.6268,0.0241,0.0107,68
T3SE-WP_011104832.1,III,0.9961,0.0017,1e-04,1e-04,0.9961,0.0019,1e-04,179
T3SE-WP_080946640.1,III,0.9984,0.0004,0.0004,0.0,0.9984,0.0005,0.0003,90
T6SE-WP_011104840.1,VI,0.936,0.0045,0.0508,0.0031,0.005,0.0006,0.936,1093
T6SE-WP_011104841.1,VI,0.9854,0.0105,0.0003,0.0,0.0033,0.0005,0.9854,132
T6SE-WP_007244232.1,VI,0.9911,1e-04,0.0024,0.0003,0.006,1e-04,0.9911,200
T6SE-WP_011104842.1,VI,0.987,0.0003,0.0064,0.0013,0.005,0.0,0.987,194
T6SE-WP_046463589.1,VI,0.4357,0.2744,0.0026,0.0007,0.1424,0.1442,0.4357,157
T6SE-WP_226992704.1,VI,0.9336,0.0009,0.0194,0.006,0.0397,0.0003,0.9336,279
T6SE-WP_011104849.1,VI,0.8173,0.0502,0.0125,0.0016,0.049,0.0695,0.8173,288
T6SE-WP_057443240.1,VI,0.9484,0.0243,0.0032,0.0004,0.0117,0.0119,0.9484,355
T6SE-WP_011104853.1,VI,0.7898,0.0558,0.0071,0.0009,0.0174,0.129,0.7898,195
T1SE-WP_011104868.1,I,0.997,0.0002,0.997,0.0016,1e-04,0.0007,0.0005,1610
T6SE-WP_011104869.1,VI,0.9905,0.0003,0.0023,0.0004,0.0064,0.0002,0.9905,1634
T3SE-WP_011104876.1,III,0.9925,0.0,0.0054,0.0018,0.9925,0.0002,0.0,555
T3SE-WP_011104877.1,III,0.9974,0.0004,0.0014,0.0005,0.9974,0.0002,0.0,116
T3SE-WP_005764940.1,III,0.4789,0.3319,0.0029,0.0009,0.4789,0.1804,0.0049,101
T1SE-WP_003381534.1,I,0.7752,0.0007,0.7752,0.0092,0.2137,0.0004,0.0008,72
T3SE-WP_010203608.1,III,0.7498,0.1875,0.0028,0.0012,0.7498,0.0558,0.0029,60
T3SE-WP_005764857.1,III,0.8793,0.0405,0.0022,0.0011,0.8793,0.0735,0.0034,175
T3SE-WP_011104890.1,III,0.8226,0.0958,1e-04,1e-04,0.8226,0.0811,0.0002,91
T3SE-WP_011104900.1,III,0.9979,1e-04,0.0012,0.0003,0.9979,0.0004,0.0,226
T3SE-WP_011104901.1,III,0.9994,0.0,1e-04,1e-04,0.9994,0.0003,0.0,237
T3SE-WP_011104902.1,III,0.999,0.0,0.0002,1e-04,0.999,0.0006,0.0,229
T3SE-WP_005764729.1,III,0.9787,0.006,0.0024,0.0011,0.9787,0.0004,0.0114,241
T3SE-WP_005764727.1,III,0.9562,0.0026,0.0037,0.0015,0.9562,0.0002,0.0359,205
T3SE-WP_011104919.1,III,0.797,0.0,0.003,0.0009,0.797,0.0023,0.1968,1111
T6SE-WP_155490816.1,VI,0.7277,0.1826,0.0152,0.0004,0.0683,0.0057,0.7277,55
T6SE-WP_226992649.1,VI,0.6481,0.2444,0.0176,0.0014,0.0055,0.083,0.6481,128
T3SE-WP_155490796.1,III,0.8892,0.0655,0.0123,0.0048,0.8892,0.0114,0.0168,48
T6SE-WP_011104945.1,VI,0.8429,0.012,0.0014,0.0004,0.1282,0.015,0.8429,407
T3SE-WP_046463676.1,III,0.6496,0.0059,0.0019,0.001,0.6496,0.1491,0.1925,338
T6SE-WP_003381648.1,VI,0.4775,0.0399,0.0155,0.0024,0.4181,0.0466,0.4775,79
T3SE-WP_011104953.1,III,0.5328,0.1006,0.0009,0.0011,0.5328,0.006,0.3586,377
T3SE-WP_005768677.1,III,0.9884,0.001,0.002,1e-04,0.9884,0.0077,0.0008,69
T3SE-WP_011104966.1,III,0.9982,0.0,0.0007,0.0004,0.9982,0.0005,1e-04,211
T6SE-WP_011104970.1,VI,0.9344,0.0566,0.0027,0.0028,0.0029,0.0006,0.9344,940
T3SE-WP_226992651.1,III,0.7784,0.0689,0.0013,0.0005,0.7784,0.1472,0.0037,350
T6SE-WP_011104971.1,VI,0.868,0.0928,0.0107,0.0038,0.0227,0.0019,0.868,1615
T6SE-WP_011104972.1,VI,0.9411,0.0314,0.0123,0.0044,0.0106,0.0002,0.9411,1446
T6SE-WP_011104973.1,VI,0.9661,0.029,0.0034,0.0009,0.0004,0.0002,0.9661,886
T6SE-WP_005768639.1,VI,0.8173,0.0034,0.0413,0.0004,0.1316,0.0059,0.8173,71
T3SE-WP_005768582.1,III,0.5463,0.4332,0.0015,0.0021,0.5463,0.0011,0.0158,118
T6SE-WP_011104993.1,VI,0.9936,0.005,0.0011,0.0,1e-04,1e-04,0.9936,763
T6SE-WP_011104994.1,VI,0.9937,1e-04,0.0014,1e-04,0.003,0.0018,0.9937,523
T6SE-WP_046463424.1,VI,0.796,0.1644,0.0055,0.0095,0.0089,0.0157,0.796,313
T6SE-WP_226992653.1,VI,0.9983,0.0003,0.0005,0.0,1e-04,0.0007,0.9983,470
T6SE-WP_046463425.1,VI,0.9224,0.0546,0.0033,0.0047,0.0094,0.0056,0.9224,313
T3SE-WP_011105010.1,III,0.6761,0.1331,0.0932,0.0252,0.6761,0.0203,0.0521,203
T3SE-WP_011105012.1,III,0.5717,0.4159,1e-04,0.0003,0.5717,0.006,0.0059,131
T3SE-WP_011105033.1,III,0.8302,0.1359,0.0043,0.0018,0.8302,0.0183,0.0096,783
T3SE-WP_007243742.1,III,0.537,0.3856,0.0012,0.0005,0.537,0.0547,0.021,66
T6SE-WP_044393109.1,VI,0.9892,0.0035,0.0023,0.0003,0.0045,0.0002,0.9892,518
T3SE-WP_011105062.1,III,0.6294,0.0013,0.0052,0.0005,0.6294,0.0143,0.3493,337
T3SE-WP_011105063.1,III,0.9101,0.0006,0.0051,0.0014,0.9101,0.0013,0.0815,399
T3SE-WP_011105066.1,III,0.3903,0.3628,0.0292,0.1008,0.3903,0.0729,0.0439,827
T3SE-WP_002555214.1,III,0.8259,0.017,0.0004,1e-04,0.8259,0.1559,0.0007,80
T3SE-WP_007243764.1,III,0.9657,0.0178,0.0006,0.0002,0.9657,0.0117,0.0041,102
T3SE-WP_024666223.1,III,0.9595,0.0306,0.0009,0.0002,0.9595,0.0012,0.0076,98
T3SE-WP_011105070.1,III,0.9634,0.0195,0.001,0.0002,0.9634,0.0129,0.0031,177
T3SE-WP_007243769.1,III,0.9929,0.0027,1e-04,1e-04,0.9929,0.0039,0.0004,157
T3SE-WP_007243772.1,III,0.9941,0.0005,0.0015,0.0002,0.9941,0.0033,0.0003,389
T3SE-WP_011105072.1,III,0.9998,0.0,1e-04,1e-04,0.9998,0.0,0.0,298
T3SE-WP_011105074.1,III,0.9993,0.0,0.0004,0.0002,0.9993,0.0002,0.0,118
T3SE-WP_005770157.1,III,0.9913,0.0015,1e-04,1e-04,0.9913,0.0069,0.0002,157
T3SE-WP_003425025.1,III,0.5583,0.0665,0.016,0.0015,0.5583,0.1035,0.2543,74
T3SE-WP_057443232.1,III,0.8856,0.0431,0.0014,0.0004,0.8856,0.0656,0.0039,83
T6SE-WP_011105093.1,VI,0.9099,0.0465,0.0333,0.0017,0.0059,0.0027,0.9099,177
T6SE-WP_011105094.1,VI,0.4935,0.149,0.0417,0.0256,0.1006,0.1896,0.4935,237
T3SE-WP_011105120.1,III,0.8838,0.109,0.001,0.0009,0.8838,0.0005,0.0048,177
T3SE-WP_005894402.1,III,0.5401,0.4335,0.0009,0.0009,0.5401,0.0213,0.0033,147
T3SE-WP_011105124.1,III,0.999,0.0,0.0003,0.0004,0.999,0.0003,0.0,632
T3SE-WP_005906196.1,III,0.9989,0.0,0.0007,0.0002,0.9989,0.0002,0.0,83
T3SE-WP_005888850.1,III,0.6396,0.3119,0.0003,0.0011,0.6396,0.0465,0.0006,282
T3SE-WP_005888847.1,III,0.4896,0.3138,0.0004,0.0002,0.4896,0.1784,0.0176,140
T6SE-WP_011105131.1,VI,0.5268,0.2414,0.0119,0.0007,0.118,0.1012,0.5268,165
T6SE-WP_024691293.1,VI,0.894,0.079,0.0047,0.0005,0.0106,0.0111,0.894,83
T3SE-WP_005888840.1,III,0.4443,0.0126,0.0045,0.0013,0.4443,0.0995,0.4378,139
T3SE-WP_024691294.1,III,0.8953,0.0003,0.0046,0.0006,0.8953,0.0965,0.0027,457
T6SE-WP_005904445.1,VI,0.7385,0.1421,0.1144,0.0012,0.0026,0.0013,0.7385,55
T3SE-WP_226992657.1,III,0.9961,0.0,1e-04,0.0,0.9961,0.0037,1e-04,415
T3SE-WP_007251972.1,III,0.9484,0.0082,1e-04,0.0002,0.9484,0.043,0.0002,130
T3SE-WP_005888834.1,III,0.9975,1e-04,0.0003,1e-04,0.9975,0.0018,0.0003,510
T3SE-WP_011105137.1,III,0.9995,0.0,1e-04,1e-04,0.9995,0.0004,0.0,493
T3SE-WP_011105151.1,III,0.464,0.1134,0.0018,0.0004,0.464,0.3878,0.0327,321
T3SE-WP_046463611.1,III,0.961,0.0025,0.0003,1e-04,0.961,0.0349,0.0012,78
T6SE-WP_046463555.1,VI,0.7692,0.1493,0.0034,0.003,0.0437,0.0314,0.7692,344
T3SE-WP_005763320.1,III,0.9183,0.0045,0.0016,0.0004,0.9183,0.044,0.0311,488
T3SE-WP_011105173.1,III,0.6889,0.2537,0.0055,0.0063,0.6889,0.0405,0.0052,179
T3SE-WP_174518819.1,III,0.6573,0.0369,0.017,0.0006,0.6573,0.2636,0.0245,178
T3SE-WP_011105188.1,III,0.5414,0.1582,0.0009,1e-04,0.5414,0.2951,0.0043,116
T3SE-WP_007244663.1,III,0.5772,0.4138,0.001,0.0022,0.5772,0.0051,0.0007,180
T3SE-WP_005763193.1,III,0.5506,0.2869,0.0003,0.0003,0.5506,0.1617,0.0003,135
T3SE-WP_007244656.1,III,0.5544,0.4361,0.0005,0.0021,0.5544,0.0043,0.0026,396
T3SE-WP_011105211.1,III,0.9529,0.0048,0.0006,0.0002,0.9529,0.0375,0.004,211
T3SE-WP_011105212.1,III,0.9255,0.0489,1e-04,1e-04,0.9255,0.0246,0.0008,211
T6SE-WP_044391804.1,VI,0.5679,0.0004,0.0115,0.0012,0.4134,0.0057,0.5679,275
T3SE-WP_005763125.1,III,0.6001,0.074,0.0089,0.0014,0.6001,0.3148,0.0009,53
T6SE-WP_046463546.1,VI,0.5013,1e-04,0.0077,0.0015,0.487,0.0025,0.5013,1156
T3SE-WP_005763080.1,III,0.7701,0.0009,0.0153,0.0012,0.7701,0.1973,0.0152,77
T6SE-WP_011105235.1,VI,0.4894,1e-04,0.0024,0.0007,0.4822,0.025,0.4894,914
T6SE-WP_046463655.1,VI,0.6768,0.1593,0.0094,0.1086,0.0166,0.0293,0.6768,329
T6SE-WP_011105250.1,VI,0.7313,0.0668,0.1224,0.0034,0.0077,0.0684,0.7313,220
T6SE-WP_226992663.1,VI,0.9886,0.0018,0.0014,0.0,0.0059,0.0022,0.9886,183
T6SE-WP_161797791.1,VI,0.9471,0.0013,0.0108,0.0011,0.031,0.0088,0.9471,1657
T3SE-WP_005762975.1,III,0.5776,0.3953,0.0014,0.0044,0.5776,0.0085,0.0127,212
T3SE-WP_011105266.1,III,0.8849,0.0813,0.0014,0.0053,0.8849,0.0212,0.0059,481
T3SE-WP_005762965.1,III,0.4788,0.4577,0.0022,0.0046,0.4788,0.0448,0.0119,253
T6SE-WP_005762942.1,VI,0.6027,0.0074,0.2471,0.1293,0.0029,0.0106,0.6027,223
T6SE-WP_011105273.1,VI,0.9991,0.0,0.0004,1e-04,0.0004,0.0,0.9991,873
T6SE-WP_011105274.1,VI,0.994,1e-04,0.0025,0.0006,0.0024,0.0004,0.994,1042
T6SE-WP_011105290.1,VI,0.9997,0.0,1e-04,0.0,1e-04,0.0,0.9997,674
T3SE-WP_003378783.1,III,0.4898,0.4641,0.0017,0.0003,0.4898,0.0196,0.0246,99
T6SE-WP_005765431.1,VI,0.8317,0.1522,0.0112,0.0005,0.0035,0.0009,0.8317,130
T3SE-WP_011105321.1,III,0.5228,0.313,0.0037,0.0063,0.5228,0.0269,0.1274,214
T6SE-WP_044390498.1,VI,0.9962,1e-04,0.0016,1e-04,0.0011,0.0009,0.9962,1082
T6SE-WP_005765571.1,VI,0.6417,0.0404,0.2122,0.0084,0.0591,0.0381,0.6417,239
T6SE-WP_046463879.1,VI,0.9048,0.0499,0.0206,0.0018,0.0101,0.0128,0.9048,262
T6SE-WP_011105366.1,VI,0.9987,0.0006,0.0004,1e-04,1e-04,0.0002,0.9987,359
T6SE-WP_226992664.1,VI,0.9603,0.0237,0.0082,0.0023,0.0009,0.0046,0.9603,588
T6SE-WP_226992665.1,VI,0.8971,0.0498,0.0446,0.0027,0.0035,0.0024,0.8971,331
T6SE-WP_226992666.1,VI,0.7814,0.1453,0.0638,0.0038,0.0024,0.0033,0.7814,347
T3SE-WP_005765610.1,III,0.8854,0.0991,0.0013,0.0016,0.8854,0.0115,0.001,316
T6SE-WP_011105384.1,VI,0.9911,0.0031,0.0044,0.0002,0.0005,0.0007,0.9911,655
T3SE-WP_011105393.1,III,0.6081,0.0464,0.0008,0.0004,0.6081,0.344,0.0004,216
T6SE-WP_011105419.1,VI,0.9323,0.06,0.0036,0.0009,0.0005,0.0027,0.9323,380
T6SE-WP_046463716.1,VI,0.3583,0.1447,0.1237,0.0448,0.2587,0.0699,0.3583,608
T6SE-WP_052746252.1,VI,0.6258,0.047,0.0076,0.0012,0.3108,0.0076,0.6258,506
T3SE-WP_161797794.1,III,0.6102,0.2732,0.0004,0.0006,0.6102,0.1127,0.0028,131
T3SE-WP_011105440.1,III,0.9995,0.0,1e-04,1e-04,0.9995,0.0003,0.0,380
T3SE-WP_005737150.1,III,0.5182,0.2041,0.0049,0.0018,0.5182,0.2491,0.0219,161
T3SE-WP_005767187.1,III,0.534,0.384,0.0016,0.001,0.534,0.0237,0.0557,104
T3SE-WP_046463721.1,III,0.9009,0.0082,0.0021,0.0002,0.9009,0.0801,0.0085,136
T3SE-WP_011105459.1,III,0.3768,0.2841,0.0376,0.0173,0.3768,0.2272,0.057,113
T3SE-WP_011105460.1,III,0.9997,0.0,0.0002,1e-04,0.9997,0.0,0.0,245
T3SE-WP_002551444.1,III,0.4643,0.3852,0.0039,0.0034,0.4643,0.1408,0.0023,79
T3SE-WP_226992669.1,III,0.9338,0.0396,0.0011,0.0003,0.9338,0.0214,0.0038,64
T6SE-WP_005769871.1,VI,0.7713,0.1705,0.0172,0.003,0.0208,0.0172,0.7713,146
T6SE-WP_226992670.1,VI,0.9986,0.0003,0.0005,1e-04,1e-04,0.0004,0.9986,1090
T6SE-WP_011105476.1,VI,0.9935,0.0055,0.0008,0.0,0.0,1e-04,0.9935,678
T3SE-WP_046464012.1,III,0.9362,0.0363,0.0022,0.0039,0.9362,0.0039,0.0175,335
T3SE-WP_011105490.1,III,0.5888,0.1291,0.0256,0.0021,0.5888,0.2194,0.035,312
T6SE-WP_003413692.1,VI,0.9395,0.0339,0.0231,0.0008,0.0022,0.0005,0.9395,174
T6SE-WP_011105493.1,VI,0.5077,0.2484,0.0008,0.0004,0.1942,0.0484,0.5077,168
T6SE-WP_011105495.1,VI,0.9992,0.0002,0.0002,1e-04,0.0003,0.0,0.9992,172
T6SE-WP_011105496.1,VI,0.9926,0.0065,0.0008,1e-04,1e-04,0.0,0.9926,680
T6SE-WP_011105498.1,VI,0.9892,0.0091,0.001,0.0002,1e-04,0.0003,0.9892,1572
T3SE-WP_010203159.1,III,0.9138,0.0542,0.0013,0.0003,0.9138,0.0201,0.0104,110
T3SE-WP_011105510.1,III,0.7992,0.1193,0.0018,0.0011,0.7992,0.0574,0.0212,158
T3SE-WP_003383123.1,III,0.4808,0.1277,0.0037,0.0018,0.4808,0.3812,0.0047,71
T3SE-WP_011105522.1,III,0.8319,0.0,0.0046,0.002,0.8319,0.0009,0.1607,1550
T3SE-WP_005768325.1,III,0.3892,0.3782,0.0007,1e-04,0.3892,0.222,0.0097,61
T1SE-WP_005768323.1,I,0.7604,0.0003,0.7604,0.0088,0.0503,0.0013,0.1789,103
T3SE-WP_005768309.1,III,0.4711,0.4433,0.0047,0.0235,0.4711,0.0062,0.0512,216
T6SE-WP_003378280.1,VI,0.4981,0.1353,0.0137,0.0015,0.1249,0.2266,0.4981,74
T6SE-WP_080946619.1,VI,0.6981,0.1901,0.0182,0.0379,0.0478,0.008,0.6981,319
